17 0
141 ЯАААА ЯААА ЯААЯ 1001 1 1 1 1 1
142 ЯАААА ЯААА ЯААЯ 1001 1 1 1 1 1
143 ЯАААА ЯААА ЯААЯ 1001 1 1 1 1 1
144 ААААА АААА АААА 1001 1 1 1 1 1
145 ВВВВВ ПППП ПППП 1001 1 1 1 1 1
146 ААААА АААА АААА 1001 1 1 1 1 1
147 ВВВВВ ПППП ПППП 1001 1 1 1 1 1
148 ААААА АААА АААА 1001 1 1 1 1 1
149 ВВВВВ ПППП ПППП 1001 1 1 1 1 1
150 ААААА АААА АААА 1001 1 1 1 1 1
151 ВВВВВ ПППП ПППП 1001 1 1 1 1 1
152 ААААА АААА АААА 1001 1 1 1 1 1
153 ВВВВВ ПППП ПППП 1001 1 1 1 1 1
154 ВВВВВ ПППП ПППП 1001 1 1 1 1 1
155 ВВВВВ ПППП ПППП 1001 1 1 1 1 1
156 ВВВВВ ПППП ПППП 1001 1 1 1 1 1
157 ЯАААА ЯААА ЯААЯ 1001 1 1 1 1 1
